0 0.15390625 0.2671875 0.0328125 0.04140625
0 0.165625 0.3171875 0.0265625 0.03984375
0 0.15703125 0.40625 0.0234375 0.04765625
0 0.20703125 0.790625 0.03671875 0.053125
0 0.34453125 0.50078125 0.03828125 0.04609375
0 0.696875 0.47421875 0.03125 0.04609375
0 0.7390625 0.9 0.0625 0.084375
0 0.32109375 0.4359375 0.0234375 0.0546875
0 0.275 0.2859375 0.034375 0.05625
0 0.32109375 0.2875 0.03671875 0.0296875
0 0.26171875 0.19375 0.025 0.03984375
0 0.29765625 0.240625 0.0234375 0.025
0 0.60625 0.06328125 0.03828125 0.028125
0 0.29609375 0.0234375 0.0265625 0.0265625
0 0.19765625 0.0265625 0.025 0.04609375
0 0.09296875 0.05625 0.04609375 0.03984375
0 0.071875 0.18828125 0.0546875 0.07578125
0 0.1578125 0.9234375 0.0578125 0.0515625