0 0.30703125 0.39765625 0.1046875 0.09140625
0 0.44609375 0.36875 0.065625 0.065625
0 0.46953125 0.61953125 0.10234375 0.07265625
0 0.4765625 0.70625 0.10234375 0.05390625
0 0.66796875 0.83671875 0.09375 0.03984375
0 0.69765625 0.76328125 0.0703125 0.065625
0 0.7921875 0.71640625 0.09609375 0.0796875
0 0.71328125 0.5796875 0.08671875 0.07734375
0 0.871875 0.6140625 0.08203125 0.065625
0 0.74609375 0.4515625 0.08203125 0.05390625
0 0.815625 0.4015625 0.1046875 0.10234375
0 0.9515625 0.3265625 0.096875 0.11640625