0 0.42265625 0.0453125 0.03125 0.034375
0 0.73203125 0.096875 0.04140625 0.028125
0 0.39296875 0.2171875 0.04765625 0.04140625
0 0.42265625 0.26640625 0.028125 0.0328125
0 0.39375 0.30859375 0.0328125 0.034375
0 0.43515625 0.3140625 0.03671875 0.01640625
0 0.27109375 0.29296875 0.0296875 0.03671875
0 0.2828125 0.3375 0.01953125 0.0328125
0 0.271875 0.4328125 0.01796875 0.03984375
0 0.46328125 0.53359375 0.03984375 0.04140625
0 0.81953125 0.51328125 0.034375 0.04140625
0 0.84609375 0.9390625 0.0546875 0.06640625
0 0.3109375 0.81953125 0.03984375 0.0609375
0 0.2734375 0.95 0.0515625 0.04765625
0 0.21484375 0.0734375 0.0328125 0.025