1 0.136719 0.383984 0.073437 0.339844
1 0.193359 0.318359 0.236719 0.377344
1 0.257422 0.510547 0.174219 0.321094
1 0.513672 0.438672 0.333594 0.461719
1 0.403125 0.384766 0.493750 0.203906
1 0.417187 0.471484 0.606250 0.736719
1 0.324609 0.486719 0.421094 0.742188
1 0.375000 0.141797 0.184375 0.011719
1 0.152344 0.084766 0.139062 0.010156
1 0.173828 0.460938 0.057031 0.562500
1 0.471484 0.523438 0.642969 0.846875
1 0.280078 0.393359 0.378906 0.486719
1 0.150781 0.518359 0.120313 0.767969
1 0.440234 0.328125 0.667969 0.325000
