1 0.448828 0.498828 0.407031 0.410156
1 0.075000 0.430859 0.050000 0.474219
1 0.527734 0.503906 0.814844 0.692187
1 0.169141 0.308984 0.007031 0.374219
1 0.292578 0.103906 0.285156 0.064062
1 0.437500 0.246875 0.750000 0.396875
1 0.439063 0.265625 0.778125 0.475000
1 0.464453 0.307422 0.791406 0.502344
1 0.106641 0.376563 0.075781 0.543750
1 0.164844 0.358984 0.210938 0.577344
1 0.102734 0.452734 0.064844 0.721094
1 0.152734 0.390234 0.124219 0.655469
1 0.168359 0.435938 0.189844 0.712500
1 0.181641 0.458984 0.257031 0.805469
1 0.333594 0.510938 0.526563 0.934375
1 0.530078 0.413672 0.688281 0.583594
