0 0.093359 0.154297 0.121094 0.225781
0 0.096094 0.178516 0.139063 0.277344
0 0.090234 0.226953 0.133594 0.358594
0 0.121875 0.421875 0.170313 0.737500
0 0.191406 0.273438 0.306250 0.454687
0 0.364063 0.260156 0.665625 0.428125
0 0.400781 0.492188 0.676562 0.815625
0 0.172266 0.245312 0.297656 0.381250
0 0.154688 0.171094 0.240625 0.229688
0 0.178906 0.158594 0.284375 0.257812
0 0.143359 0.116797 0.236719 0.153906
0 0.160547 0.132812 0.274219 0.215625
0 0.322266 0.045703 0.567969 0.035156
0 0.161328 0.025000 0.269531 0.003125
0 0.111328 0.036328 0.172656 0.019531
0 0.069531 0.048047 0.046875 0.016406
0 0.063281 0.132031 0.017187 0.112500
0 0.107813 0.487500 0.100000 0.871875
