0 0.226953 0.039844 0.391406 0.010937
0 0.386719 0.062500 0.690625 0.068750
0 0.220312 0.129297 0.345312 0.175781
0 0.225391 0.149609 0.394531 0.233594
0 0.213281 0.171484 0.360937 0.274219
0 0.235938 0.165234 0.398438 0.297656
0 0.150391 0.164844 0.241406 0.256250
0 0.151172 0.185156 0.263281 0.304688
0 0.144922 0.236328 0.253906 0.392969
0 0.251562 0.287500 0.423437 0.492188
0 0.426953 0.277344 0.785156 0.471875
0 0.450391 0.502734 0.791406 0.872656
0 0.175391 0.440234 0.271094 0.758594
0 0.162500 0.498828 0.221875 0.902344
0 0.123828 0.049219 0.182031 0.048438
