0 0.071484 0.077344 0.086719 0.071875
0 0.094531 0.098047 0.132812 0.133594
0 0.079687 0.127734 0.096875 0.160156
0 0.107813 0.123438 0.132812 0.190625
0 0.105469 0.214062 0.154687 0.321875
0 0.125781 0.235547 0.182812 0.411719
0 0.317188 0.215234 0.535938 0.347656
0 0.335156 0.445703 0.575000 0.732031
0 0.259766 0.492578 0.353906 0.899219
0 0.059766 0.404688 0.046094 0.673438
0 0.045312 0.463281 0.007812 0.831250
0 0.021094 0.196094 0.014063 0.296875
0 0.033594 0.153125 0.015625 0.200000
0 0.013672 0.117969 0.008594 0.170313
